1833767541
1614212224
57703961
2110559872
799094526
832484225
717293695
198598318
826799140
206849789
355873300
1236950627
171762268
2131666307
2131283742
2055317492
66856276
2129880207
2103453217
781130553
1799731808
1252920442
558202530
957367436
173215799
48818877
2121417001
783980279
1022673386
253618984
635493957
1817380747
183962796
79060819
664730803
720360213
184258997
2123773560
1494132970
257929874
2112987623
279590915
116166751
1942503360
655239654
2110659969
142989527
237384440
97751766
2076219221
626853853
1805824220
64273374
2125048612
1326907522
2136563519
756754329
1576779591
65266019
799552274
208057039
2105559528
297207355
1800331553
1404943198
609934794
694973346
734299696
1091954956
1598299768
2105325526
209408334
1043156081
769114190
1726585517
1781292779
2123095178
1430457338
1203118178
1720054648
2059609062
2109292367
698021132
1515550006
694685065
852608612
1509249836
294028586
2108885267
1988343936
1420546502
413206617
285774697
784113589
234631361
1307579388
289883490
920408856
42581902
172330744
1740052109
172082745
